线路号: 1101 车辆编号 驾驶员编号
9173 1594.0
9147 1996.0
9154 192.0
9190 2292.0
9195 1995.0
9163 182.0
9145 171.0
9177 149.0
9161 1866.0
9169 206.0
9140 143.0
9198 1601.0
9172 208.0
9205 2362.0
9171 1122.0
9150 1316.0
9129 1317.0
9175 184.0
9204 19.0
9151 1661.0
9160 2240.0
9132 1599.0
9193 2374.0
9180 2287.0
9185 1622.0
9143 1130.0
9153 1809.0
9149 1127.0
9184 102.0
9136 1609.0
9152 108.0
9155 168.0
9146 1997.0
9156 131.0
9200 2534.0
9138 1593.0
9137 2293.0
9181 100.0
9191 2532.0
9148 1659.0
9141 147.0
9168 202.0
9158 185.0
9142 2150.0
9206 2359.0
9174 1827.0
9131 1873.0
9188 127.0
9176 146.0
9127 1319.0
9128 1600.0
9130 41.0
9192 27.0