线路号: 1107 车辆编号 驾驶员编号
1183 1392.0
1152 1228.0
1180 2447.0
1192 2122.0
1155 1224.0
1156 2454.0
1167 636.0
1158 1524.0
1154 2125.0
1177 717.0
1164 604.0
1161 2446.0
1158 2128.0
1181 671.0
1154 733.0
1189 2506.0
1165 617.0
1186 2528.0
1171 652.0
1165 2261.0
1194 2175.0
1185 1522.0
1163 2502.0
1181 639.0
1156 622.0
1164 698.0
1195 699.0
1193 592.0
1163 632.0
1160 2382.0
1191 2509.0
1174 735.0
1172 2387.0
1194 719.0
1195 2541.0
1169 2258.0
1176 716.0
1188 2457.0
1184 1839.0
1162 1385.0
1162 2388.0
1174 567.0
1179 1387.0
1157 734.0