线路号: 1112 车辆编号 驾驶员编号
9121 34.0
9060 101.0
9087 2533.0
9090 2360.0
9100 123.0
9093 2358.0
9123 2376.0
9089 1863.0
9056 38.0
9092 2535.0
9126 1614.0
9064 2003.0
9069 14.0
9068 67.0
9099 76.0
9075 2006.0
9086 2536.0
9074 163.0
9065 2246.0
9080 70.0
9102 180.0
9066 2009.0
9085 2367.0
9120 1069.0
9084 2290.0
9076 91.0
9270 2000.0
9119 2366.0
9124 2244.0
9091 28.0
9052 26.0
9058 1720.0
9081 1884.0
9067 128.0
9098 1015.0
9053 1862.0
9078 2005.0
9101 2538.0
9077 2245.0
9051 2289.0
9054 923.0
9079 116.0
9071 66.0
9057 1835.0
9083 1631.0
9070 2001.0
9122 905.0
9096 1845.0
9061 138.0
9118 918.0
9269 1998.0
9088 98.0