线路号: 1114 车辆编号 驾驶员编号
10134 1588.0
10131 894.0
10054 1584.0
10092 1891.0
10055 1579.0
10121 930.0
10117 964.0
10129 1668.0
10125 1919.0
10084 2266.0
10062 1645.0
10096 948.0
10099 1868.0
10102 1000.0
10119 2087.0
10086 1589.0
10095 1375.0
10133 902.0
10126 1575.0
10115 988.0
10128 2304.0
10056 2084.0
10122 2104.0
10093 1710.0
10111 2165.0
10061 989.0
10120 1535.0
10127 956.0
10108 1056.0
10124 1418.0
10103 1021.0
10100 1911.0
10088 2102.0
10058 978.0
10123 1346.0
10098 945.0
10085 2083.0
10112 924.0
10053 1918.0
10109 2041.0
10105 953.0
10113 1917.0
10101 1336.0
10090 940.0
10089 970.0
10130 2208.0
10087 904.0
10110 1712.0
10059 1910.0
10060 1362.0