线路号: 1115 车辆编号 驾驶员编号
1231 1358.0
1229 1716.0
1245 1382.0
1248 1960.0
1247 1268.0
1214 1170.0
1210 853.0
7126 2159.0
1222 806.0
1234 1951.0
10064 878.0
1225 1788.0
1205 767.0
1239 1381.0
7124 2397.0
1249 361.0
1241 799.0
1200 2355.0
1198 1647.0
1202 2349.0
1242 2398.0
1244 1962.0
1212 1215.0
1237 1942.0
1218 1952.0
1206 1267.0
1223 874.0
1199 818.0
1230 1557.0
1227 2158.0
7132 1408.0
1216 1824.0
1236 877.0
7130 1208.0
1204 813.0
1246 2075.0
7133 840.0
1201 2351.0
1220 1407.0
1209 1185.0
7128 1963.0
1226 1823.0
1238 1193.0
1233 2078.0
1213 885.0
7131 888.0
7134 1554.0
1228 868.0
1251 2188.0
1224 1822.0
1217 1205.0
10063 1173.0
1208 1162.0